1.514107418060302734e+01
1.374847316741943359e+01
2.223101806640625000e+01
2.926920175552368164e+00
3.996392339468002319e-02
1.197084566229023039e-04
1.792538452148437500e+01
5.498954094946384430e-03
2.702001571655273438e+00
-1.945907211303710938e+01
3.036936187744140625e+01
2.371981239318847656e+01
2.135491847991943359e+00
7.514581084251403809e-02
8.011531807085905920e-21
1.981808853149414062e+01
2.839793395996093750e+01
2.408195304870605469e+01
6.160004615783691406e+00
1.527734375000000000e+01
3.869827651977539062e+01
-2.189744018705683248e-13
2.578335069119930267e-02
2.166172409057617188e+01
2.744273900985717773e+00
7.028544425964355469e+00
3.395722524146549404e-05
2.566725306678563356e-04
2.231975318863987923e-03
5.838266372680664062e+00
2.858747482299804688e+01
2.220567512512207031e+01
-2.254307382456885813e-17
7.489331364631652832e-01
1.364012050628662109e+01
4.048786926269531250e+01
1.273054122924804688e+01
-2.354792022705078125e+01
1.732378005981445312e+00
7.383368492126464844e+00
2.177040672302246094e+01
2.719434928894042969e+01
1.834273719787597656e+01
1.795945739746093750e+01
1.731152534484863281e+01
3.236352539062500000e+01
-3.218151786721357155e-11
1.369378185272216797e+01
9.534552574157714844e+00
3.340930700302124023e+00
4.999815225601196289e-01
-1.207345460174947472e-17
-1.413699333135922665e-18
-7.822518012738424449e-17
-2.372793073135426312e-10
6.450368762016296387e-01
2.367641317241797258e-15
1.141397666931152344e+01
-1.150589370727539062e+01
1.256551826372742653e-03
3.775520920753479004e-01
2.425218582153320312e+00
2.367406368255615234e+00
3.992574691772460938e+00
1.663042068481445312e+01
3.526071831583976746e-02
2.974455451965332031e+01
1.547340393066406250e+01
2.287462615966796875e+01
2.096485328674316406e+01
9.147694110870361328e-01
6.019783973693847656e+00
8.290581172332167625e-04
6.943630783198817547e-13
3.633053302764892578e-01
-1.024879121554545433e-20
-1.240763308069103843e-11
1.883714646100997925e-02
8.716258270702326172e-10
1.667652511596679688e+01
3.236312314056771777e-13
1.631771851862140466e-06
-1.885892056409852987e-17
3.970748901367187500e+00
6.831451031097103587e-24
-3.297793184093688462e-15
3.485440101940184832e-04
-6.518197444084636333e-20
1.832256913185119629e-01
7.039649775792592174e-19
-9.300011634826660156e+00
-6.670180690186129258e-43
1.382850459776818752e-03
1.876606750488281250e+01
1.739808226375316735e-07
2.524419396650046110e-04
3.671216368675231934e-01
2.184772617796947087e-27
-2.387812583209488289e-42
6.783861317671835423e-05
1.839413656853139400e-03
-3.822467803955078125e+01
2.094020843505859375e+01
9.326620101928710938e+00
5.146977305412292480e-02
1.490239500999450684e+00
3.365215286612510681e-02
8.954688072204589844e+00
4.498444557189941406e+00
5.065220832824707031e+00
1.924945041537284851e-02
7.352147698402404785e-01
1.346130557067226619e-05
2.207535934448242188e+01
3.140387344360351562e+01
-1.155851941936347771e-10
5.864469051361083984e+00
7.785091400146484375e+00
1.159705829620361328e+01
4.922587871551513672e+00
3.233474731445312500e+01
3.540797479217872024e-05
2.738643884658813477e-01
1.672518692430458032e-06
4.081384119558606471e-08
2.876432554330676794e-04
4.591061214466625462e-14
-6.289336239306830834e-12
6.031559109687805176e-01
1.631967052162508480e-06
5.975859676254913211e-05
9.981614112854003906e+00
2.818109035491943359e+00
8.823605626821517944e-02
5.522026913240551949e-05
2.482125163078308105e-01
2.433613553876057267e-04
2.163714599609375000e+01
4.630972146987915039e-01
4.075551033020019531e+00
1.768890209496021271e-02
1.446795368194580078e+01
2.405611228942871094e+01
2.134631729125976562e+01
-1.868492973969290092e-17
3.084294497966766357e-03
1.545581817626953125e-01
7.313953876495361328e+00
-9.191532257535328654e-11
8.986804962158203125e+00
1.675024223327636719e+01
1.228632736206054688e+01
1.968095016479492188e+01
2.403394317626953125e+01
7.585559487342834473e-01
-2.959149605991646681e-30
-1.778377436495925598e-17
-2.124935965806305510e-31
2.284756898880004883e+00
1.248602676391601562e+01
1.025037574768066406e+01
2.998663902282714844e+01
1.180250453948974609e+01
1.396141719818115234e+01
2.073689699172973633e+00
5.663522243499755859e+00
2.950037765502929688e+01
1.704789352416992188e+01
3.980035018920898438e+01
1.573964118957519531e+01
8.924011230468750000e+00
6.507511615753173828e+00
3.104648590087890625e+00
2.142156410217285156e+01
4.143916320800781250e+01
3.152649879455566406e+01
-3.692421453495892982e-42
1.704369544982910156e+01
1.761075400281697512e-04
2.155368423461914062e+01
2.037822914123535156e+01
3.741084575653076172e+00
2.156123924255371094e+01
2.850717573892325163e-04
1.437913703918457031e+01
1.154985332489013672e+01
1.313684272766113281e+01
4.333620071411132812e+01
4.716489351852537482e-11
2.240603065490722656e+01
5.340171813964843750e+00
5.296189803630113602e-03
1.304687881469726562e+01
2.144995880126953125e+01
7.744703888893127441e-01
1.531582772731781006e-01
2.612055778503417969e+01
1.042194175720214844e+01
-1.646979510012967350e-35
1.570244884490966797e+01
5.266319960355758667e-02
3.812827467918395996e-01
9.165614843368530273e-03
7.212693214416503906e+00
1.385669469833374023e+00
-2.670705656626637392e-09
1.954260444641113281e+01
1.255678272247314453e+01
2.186531899496912956e-03
6.376708846542294506e-20
6.739609671058133245e-05
3.134384727478027344e+01
2.249419922009110451e-04
1.062104034423828125e+01
3.243820428848266602e+00
1.869772315025329590e+00
7.621818804182112217e-05
2.678930473327636719e+01
1.074255943298339844e+01
6.602337360382080078e+00
2.765406002417507716e-32
1.389219951629638672e+01
-3.438458040633206763e-34
1.833823770284652710e-01
1.172809675335884094e-02
8.817617297172546387e-01
-7.377587333472625664e-31
6.297074833128135651e-06
4.725710954517126083e-03
2.774609066545963287e-02
1.252140998840332031e-01
2.195387631654739380e-01
2.121336907148361206e-01
6.340690255165100098e-01
3.008126094937324524e-02
9.623406410217285156e+00
1.709402656555175781e+01
9.196441650390625000e+00
1.483827114105224609e+01
9.819034858082886785e-06
1.430908888578414917e-01
3.503097686916589737e-04
1.148555642954685041e-11
5.584270954132080078e-01
2.340168435422444508e-42
3.015666389465332031e+01
-6.450118064880371094e+00
-1.394291972003192986e-42
4.700845479965209961e-01
8.201761261261708569e-07
1.086328864097595215e+00
6.787050981074571609e-03
7.067159899822039737e-13
6.059347651898860931e-04
1.068162673618644476e-04
1.188487086523082326e-08
4.356995923444628716e-04
8.107207109799574878e-18
5.062508583068847656e+00
1.776495742797851562e+01
-3.685414961174268897e-43
3.500251821719757572e-08
7.549080226369220303e-18
2.121515046971111929e-10
